2432656721
2432651750
2432644422
2431491632
2433463136
2433486930
2433500217
2430499133
2429880156
2429674221
2433825535
2433610236
2434543353
2434533628
2434414085
2435199714
2435530120
2435940115
2437354994
2438842006
2441494468
2440611055
2440523461
2439374436
2438902816
2442243369
2442148553
2441919468
2442348896
2442810334
2442799944
2444666322
2445442238
2446717306
2446580848
2445768881
2448516075
2448311991
2451531370
2452594374
2454329648
2454322027
2458839680
2458543350
2457806790
2456972876
2456607837
